766020790
1182770779
1333893513
173226398
1071903604
1702255141
2121871803
2124051570
983886268
1364009855
1991873138
779257283
1653856994
1570801147
147856433
203709553
1220495216
1564659500
1538721691
1742383952
1756404237
1634722517
1712204171
1223105346
1405486716
644531718
1511256847
165749840
1133612654
559409836
1302352056
1899633444
1742180616
488761921
2072859842
666600572
43533414
2047247997
643168494
1027419682
1263774204
487557985
1806676966
770147550
2058359132
1954533399
973857104
1131370700
1371709252
365095147
726271004
980629841
1999817665
290991527
56251540
1257820733
935523245
1567508387
1423570573
2069135899
2126918223
578438982
1821285695
1721615191
